Original A:

         1          3          1          8          6          6          4          2 
         3          1          3          6          8          9          8          9 
         1          3          1          8          2          1          8          3 
         8          6          8          8          1          2          3          6 
         6          8          2          1          3          3          7          7 
         6          9          1          2          3          5          5          5 
         4          8          8          3          7          5          5          4 
         2          9          3          6          7          5          4          4 
Diagonalized D:

     -11.9   2.11e-12   5.84e-15   1.77e-19  -2.24e-09  -7.26e-10  -1.65e-13  -2.83e-13 
  2.11e-12      -7.79  -2.93e-14   -1.3e-21  -2.26e-09  -1.91e-10   1.37e-13  -9.92e-14 
  6.57e-15  -2.85e-14       -7.2  -7.28e-23     -8e-10  -5.97e-12  -7.69e-17  -8.98e-16 
 -9.56e-16   3.58e-16  -6.75e-16      0.506   6.05e-12   -2.4e-18   1.66e-09  -3.61e-21 
 -2.24e-09  -2.26e-09     -8e-10   6.05e-12       1.94          0  -1.84e-10   8.89e-10 
 -7.26e-10  -1.91e-10  -5.97e-12  -1.08e-15  -1.05e-15       4.45  -1.16e-10   3.25e-10 
 -1.65e-13   1.38e-13   1.08e-16   1.66e-09  -1.84e-10  -1.16e-10       9.07  -1.86e-12 
 -2.83e-13  -9.93e-14  -9.53e-16  -5.72e-16   8.89e-10   3.25e-10  -1.86e-12       38.9 
Matrixproduct V.T * A * V:

     -11.9   2.11e-12    5.3e-15  -1.22e-15  -2.24e-09  -7.26e-10  -1.68e-13  -2.79e-13 
   2.1e-12      -7.79  -2.98e-14   2.66e-15  -2.26e-09  -1.91e-10   1.35e-13   -1.1e-13 
  4.47e-15  -2.86e-14       -7.2   7.77e-16     -8e-10  -5.97e-12  -1.67e-15   4.11e-15 
 -3.06e-16   2.62e-15   6.42e-16      0.506   6.05e-12   1.87e-16   1.66e-09    3.6e-15 
 -2.24e-09  -2.26e-09     -8e-10   6.05e-12       1.94  -1.79e-15  -1.84e-10   8.89e-10 
 -7.26e-10  -1.91e-10  -5.97e-12   3.47e-17  -9.99e-16       4.45  -1.16e-10   3.25e-10 
 -1.67e-13   1.36e-13  -2.22e-16   1.66e-09  -1.84e-10  -1.16e-10       9.07  -1.86e-12 
 -2.78e-13  -1.09e-13   5.33e-15   5.33e-15   8.89e-10   3.25e-10  -1.86e-12       38.9 
Matrixproduct V * D * V.T:

         1          3          1          8          6          6          4          2 
         3          1          3          6          8          9          8          9 
         1          3          1          8          2          1          8          3 
         8          6          8          8          1          2          3          6 
         6          8          2          1          3          3          7          7 
         6          9          1          2          3          5          5          5 
         4          8          8          3          7          5          5          4 
         2          9          3          6          7          5          4          4 
Matrixproduct V.T * V:

         1  -2.08e-17   2.95e-16  -1.02e-16  -2.64e-16   -1.1e-16   1.08e-16   5.38e-17 
 -2.08e-17          1  -1.39e-16  -5.55e-17  -1.11e-16    1.6e-16    2.5e-16  -2.78e-17 
  2.95e-16  -1.39e-16          1  -9.02e-17   1.11e-16  -4.16e-16  -2.29e-16   1.11e-16 
 -1.02e-16  -5.55e-17  -9.02e-17          1  -1.25e-16   2.12e-16  -4.86e-17   7.63e-17 
 -2.64e-16  -1.11e-16   1.11e-16  -1.25e-16          1   6.94e-17   4.16e-17   2.22e-16 
  -1.1e-16    1.6e-16  -4.16e-16   2.12e-16   6.94e-17          1   1.65e-16   3.54e-16 
  1.08e-16    2.5e-16  -2.29e-16  -4.86e-17   4.16e-17   1.65e-16          1   2.71e-16 
  5.38e-17  -2.78e-17   1.11e-16   7.63e-17   2.22e-16   3.54e-16   2.71e-16          1 
Matrixproduct V * V.T

         1   1.11e-16   6.94e-17  -6.94e-17  -4.02e-16   5.55e-16   2.78e-16  -1.11e-16 
  1.11e-16          1   1.25e-16   8.33e-17   3.33e-16   3.61e-16  -2.78e-17   2.78e-17 
  6.94e-17   1.25e-16          1  -4.16e-17   2.78e-17  -9.71e-17  -3.19e-16  -2.08e-16 
 -6.94e-17   8.33e-17  -4.16e-17          1  -1.67e-16  -1.25e-16   8.33e-17   5.55e-17 
 -4.02e-16   3.33e-16   2.78e-17  -1.67e-16          1   2.22e-16  -1.67e-16  -2.78e-17 
  5.55e-16   3.61e-16  -9.71e-17  -1.25e-16   2.22e-16          1  -1.94e-16  -2.78e-17 
  2.78e-16  -2.78e-17  -3.19e-16   8.33e-17  -1.67e-16  -1.94e-16          1  -1.39e-16 
 -1.11e-16   2.78e-17  -2.08e-16   5.55e-17  -2.78e-17  -2.78e-17  -1.39e-16          1 
