Matrix A:
         1        -1         1
         2         3        -1
         3        -2        -9

 Matrix Q:
     0.267    -0.249     0.931
     0.535     0.842    0.0716
     0.802    -0.478    -0.358

 Matrix R:
      3.74    -0.267     -7.48
         0      3.73      3.22
         0         0      4.08

 Matrix Q.T*Q:
         1  5.55e-17  2.22e-16
  5.55e-17         1 -8.33e-17
  2.22e-16 -8.33e-17         1

 Matrix Q*R:
         1        -1         1
         2         3        -1
         3        -2        -9

 Vector b is:
         8         -2          9 

 Solution to Ax=b is x:
         4         -3          1 

 Check that A*x = b:
         8         -2          9 
