Matrix A:
         4         8         6         1         4         7
         9         2         6         8         9         4
         7         2         4         9         3         7
         8         8         4         8         2         1
         1         1         9         5         8         5
         1         6         8         4         7         3
         9         5         3         8         6         9
         9         4         4         3         5         6

 Matrix Q:
     0.207     0.602   -0.0285    -0.411    -0.142     0.341
     0.465    -0.338     0.292   -0.0948     0.299    -0.445
     0.362    -0.216     0.132      0.42    -0.511     0.415
     0.414     0.358    -0.296     0.383    -0.317     -0.51
    0.0517    0.0447     0.798    0.0507    -0.144     0.103
    0.0517     0.574     0.358     0.156     0.322    -0.146
     0.465   -0.0209    -0.207     0.234     0.609      0.47
     0.465    -0.127   -0.0405    -0.647    -0.186   -0.0409

 Matrix R:
      19.3      11.2      11.3      16.1      12.8      13.7
         0      9.45      6.57     0.782      3.05       2.7
         0         0      10.2      4.77      9.76      4.55
         0         0         0      6.48    -0.798     -0.98
         0         0         0         0      3.79     0.923
         0         0         0         0         0      7.06

 Matrix Q.T*Q:
         1 -2.78e-16         0 -5.55e-17 -6.11e-16   1.8e-16
 -2.78e-16         1  5.98e-17         0 -6.94e-18  1.04e-17
         0  5.98e-17         1  7.98e-17 -1.85e-16 -9.17e-17
 -5.55e-17         0  7.98e-17         1  5.55e-17         0
 -6.11e-16 -6.94e-18 -1.85e-16  5.55e-17         1  1.13e-16
   1.8e-16  1.04e-17 -9.17e-17         0  1.13e-16         1

 Matrix Q*R:
         4         8         6         1         4         7
         9         2         6         8         9         4
         7         2         4         9         3         7
         8         8         4         8         2         1
         1         1         9         5         8         5
         1         6         8         4         7         3
         9         5         3         8         6         9
         9         4         4         3         5         6
Checking the linear equation solver works:

 Matrix A is:
         2         2         5         7         2
         7         6         6         6         9
         7         5         3         1         8
         5         4         4         1         1
         4         9         2         5         8

 Vector b is:
         5          3          4          8          8 

 Solution to Ax=b is x:
      7.16     -0.189      -7.06       4.79       -3.6 

 Check that A*x = b:
         5          3          4          8          8 
